4294967279,538
4294967278,174
4294967278,129
4294967278,128
4294967278,127
4294967278,126
4294967278,124
4294967278,122
4294967278,121
4294967278,117
4294967278,115
4294967278,113
4294967278,112
4294967278,111
4294967278,110
4294967278,105
4294967278,104
4294967278,103
4294967278,102
4294967278,101
4294967278,100
4294967278,99
4294967278,98
4294967278,96
4294967278,93
4294967278,91
4294967278,90
4294967278,89
4294967278,87
4294967278,86
4294967278,81
4294967278,79
4294967278,78
4294967278,77
4294967278,76
4294967278,74
4294967278,73
4294967278,72
4294967278,71
4294967278,65
4294967278,63
4294967279,80
4294967279,78
4294967279,71
4294967279,66
4294967279,64
4294967279,29
4294967279,7
4294967279,6
4294967278,67
4294967279,518
4294967278,64
4294967279,168
4294967278,156
4294967278,155
4294967279,154
4294967278,147
4294967278,415
4294967278,141
4294967294,474
4294967278,303
4294967278,277
5901,6
4294967278,306
4294967279,571
4294967294,1420
5901,5
5901,4
5901,3
5901,2
5901,1
4294967278,270
4294967279,263
4294967278,279
4294967278,131
4294967278,130
4294967278,443
4294967278,125
4294967278,119
4294967278,95
4294967278,92
4294967278,83
4294967278,80
4294967278,70
4294967278,69
4294967278,68
4294967278,62
4294967278,61
4294967278,422
4294967278,60
4294967278,59
4294967278,58
4294967278,315
4294967278,284
4294967278,392
4294967279,368
4294967279,338
4294967279,242
4294967279,315
4294967279,69
4294967279,274
4294967279,366
4294967279,54
4294967279,174
4294967279,47
4294967279,246
4294967279,43
4294967279,41
4294967279,37
4294967279,324
4294967279,36
4294967279,34
4294967279,545
4294967279,28
4294967279,357
4294967279,26
4294967279,24
4294967279,20
4294967279,19
4294967279,15
4294967279,548
4294967279,8
4294967279,5
4294967278,418
5899,6
4294967278,275
4294967294,390
4294967278,444
4294967294,190
4294967294,907
4294967279,4
4294967278,132
4294967278,305
5899,5
5899,4
5899,3
5899,2
5899,1
4294967278,379
4294967279,319
4294967279,551
4294967279,244
4294967279,88
4294967279,238
4294967278,259
4294967278,377
4294967278,120
4294967279,245
4294967278,376
4294967278,118
4294967278,116
5897,6
5897,5
5897,4
4294967279,236
5897,3
5897,2
5897,1
4294967279,318
4294967278,374
4294967278,373
4294967278,108
4294967294,424
4294967294,904
4294967294,186
4294967294,903
4294967279,299
4294967294,388
4294967294,17
4294967294,99
4294967294,76
4294967279,317
4294967278,97
4294967278,371
4294967279,291
4294967278,339
4294967278,370
4294967278,94
5894,7
5894,6
5894,5
5894,4
5894,3
5894,2
5894,1
0,7
4294967294,473
4294967278,85
4294967278,84
4294967294,392
4294967278,82
4294967278,346
4294967294,1416
4294967294,0
4294967278,366
4294967278,75
4294967278,66
4294967278,364
4294967279,72
4294967294,89
4294967279,234
4294967294,29
4294967294,28
4294967278,363
4294967279,59
4294967279,537
5890,6
4294967279,358
4294967279,316
4294967279,58
4294967294,1
5890,5
5890,4
5890,3
5890,2
5890,1
4294967278,437
4294967278,362
4294967278,2
4294967279,314
4294967294,46
4294967294,389
4294967294,115
4294967294,120
5888,6
5888,5
5888,4
5888,3
5888,2
5888,1
4294967278,313
4294967278,142
4294967279,313
4294967279,0
4294967278,360
4294967278,138
4294967294,107
4294967279,570
4294967294,471
4294967278,393
4294967294,179
4294967294,919
4294967294,404
4294967294,110
4294967294,458
4294967294,2
4294967279,549
4294967278,267
5885,6
4294967279,262
4294967294,419
5885,5
4294967278,281
5885,4
5885,3
5885,2
5885,1
4294967278,265
4294967279,9
4294967294,91
4294967294,90
4294967294,87
4294967294,86
4294967294,85
4294967294,84
4294967294,950
4294967294,921
4294967294,949
4294967294,920
4294967294,27
4294967294,53
4294967279,311
4294967294,38
4294967294,37
4294967294,36
4294967294,41
4294967294,40
4294967294,39
4294967294,1419
4294967294,45
4294967294,427
4294967294,44
4294967279,554
4294967279,524
4294967279,552
4294967279,269
4294967294,42
4294967294,94
4294967294,96
4294967279,521
4294967279,520
4294967279,522
4294967278,347
4294967279,310
4294967294,22
4294967294,401
4294967278,359
4294967279,243
4294967294,9
4294967294,8
5882,6
5882,5
4294967279,239
5882,4
5882,3
5882,2
5882,1
4294967278,340
4294967278,357
4294967294,469
4294967279,563
4294967278,434
4294967279,309
4294967278,226
4294967279,221
4294967278,343
4294967279,308
4294967278,421
4294967294,81
4294967294,50
4294967279,536
4294967294,67
4294967279,210
4294967294,437
4294967294,472
4294967278,356
4294967294,93
4294967294,95
4294967279,207
4294967279,205
4294967279,202
5879,6
5879,5
5879,4
4294967279,203
5879,3
5879,2
5879,1
4294967278,194
4294967279,192
4294967279,193
4294967294,52
4294967294,43
4294967278,432
4294967294,417
4294967294,51
4294967294,92
4294967294,88
5876,5
4294967294,25
4294967294,1414
4294967294,973
4294967294,970
4294967294,82
4294967278,184
5876,4
4294967279,183
5876,3
5876,2
5876,1
4294967279,182
4294967278,401
5875,6
5875,5
5875,4
5875,3
5875,2
5875,1
4294967278,167
4294967278,166
4294967294,914
4294967279,165
4294967278,355
4294967278,396
5872,5
5872,4
5872,3
5872,2
5872,1
4294967279,364
4294967279,307
4294967278,354
5871,5
5871,4
5871,3
5871,2
5871,1
4294967294,420
4294967294,384
4294967294,168
4294967294,455
4294967294,411
4294967294,451
4294967294,118
4294967294,180
4294967294,449
4294967294,1418
4294967278,399
4294967279,373
5869,5
5869,4
5869,3
5869,2
5869,1
4294967279,306
4294967278,365
4294967279,383
5867,5
4294967279,254
5867,4
5867,3
5867,2
5867,1
4294967278,258
5866,6
4294967279,564
5866,5
5866,4
5866,3
5866,2
5866,1
4294967279,248
5865,5
4294967279,241
4294967294,916
4294967294,963
4294967294,911
4294967294,909
4294967294,182
5865,4
5865,3
5865,2
5865,1
4294967278,438
5864,5
5864,4
5864,3
5864,2
5864,1
4294967278,436
4294967278,222
4294967279,225
4294967279,305
5863,5
4294967278,220
4294967279,219
5863,4
4294967279,217
5863,3
5863,2
5863,1
4294967279,215
4294967279,514
5862,4
5862,3
5862,2
5862,1
4294967278,353
4294967279,526
4294967279,232
4294967294,1415
4294967294,399
4294967294,116
4294967294,164
4294967294,112
4294967294,108
4294967294,450
4294967294,119
4294967278,361
4294967278,352
4294967279,295
4294967278,351
4294967278,350
4294967279,327
4294967278,349
4294967279,76
4294967279,75
4294967294,30
4294967294,942
4294967294,941
4294967294,939
4294967294,938
4294967294,933
4294967294,922
4294967294,436
4294967294,158
4294967294,157
4294967294,156
4294967294,155
4294967294,60
4294967294,1421
4294967278,430
5861,6
4294967278,342
4294967294,918
4294967294,176
4294967294,900
4294967294,185
4294967278,333
4294967279,68
4294967279,360
4294967279,179
4294967279,382
4294967278,178
4294967278,266
4294967279,178
4294967278,177
